-58 -42 -61 -92 31 71 91 -71 -69 9 51 -4 30 77 9 6 -62 66 -86 -29 -39 -44 
72 -5 58 16 23 17 82 21 -96 91 87 -32 -65 10 35 11 68 8 61 -59 -16 -54 
34 11 80 58 -84 30 60 88 62 -57 0 82 -45 79 13 70 -61 -22 39 -64 97 54 
-43 -61 55 76 66 27 94 49 24 94 90 56 66 -52 8 76 30 19 -40 -55 43 -91 
31 -58 -13 6 -84 36 -39 61 -80 -76 -17 -36 -80 58 -57 88 31 -47 9 96 47 -15 
45 -46 73 -37 0 93 -85 -60 79 -7 61 -72 37 7 -71 46 14 -52 -57 13 13 25 
-47 -10 34 -41 -11 -55 64 -98 82 -49 96 -26 40 2 32 -78 16 -6 64 2 -74 -93 
89 -60 -65 83 -20 23 88 95 89 -59 -1 -39 -92 -69 38 86 79 48 88 59 94 -3 
-79 9 -8 32 38 -14 58 34 30 -43 5 -77 -87 30 -87 16 58 -1 6 -52 66 52 
-45 -22 -92 -55 31 -69 -78 -13 -78 -59 85 89 -30 25 80 -13 56 85 -32 66 -49 -76 
94 50 -73 3 13 80 -87 -36 -9 97 -18 49 -67 72 58 -56 -29 -60 44 94 -50 -47 
75 57 8 72 -89 90 9 -28 81 -9 -5 -32 86 -31 -15 -97 -53 62 -69 51 26 -100 
-16 80 12 11 40 -49 -30 92 -21 -71 4 15 -88 88 49 27 35 -37 4 68 59 -10 
-14 -28 -85 -44 -79 -63 22 51 -72 27 7 42 73 -44 58 -31 67 -30 -35 -97 48 88 
35 65 26 86 89 -88 -90 98 12 100 -5 -80 0 100 -8 -100 38 79 -54 46 -6 -19 
59 -91 -23 85 -64 89 72 63 -65 53 46 -94 83 -1 29 8 12 9 -32 8 -9 -78 
22 -71 -46 82 -39 -59 -6 4 -62 18 -75 -37 -28 97 54 -33 -25 -33 -27 -78 87 -64 
81 -3 93 23 -21 -26 16 88 -51 -27 99 -96 -83 -43 -54 -51 -24 -20 17 -37 -82 -67 
-56 79 15 52 -89 -47 95 -84 58 -77 -54 24 -90 -33 17 -44 -81 71 79 -13 21 99 
98 -90 24 -90 -32 57 49 -39 100 7 29 66 -33 10 52 -3 2 77 23 -1 -67 53 
-62 34 -79 7 69 -62 73 -37 78 95 76 -53 -75 44 39 -39 99 -30 -47 -8 25 -99 
-62 -8 -23 -29 -50 3 19 83 97 43 26 -84 42 -14 -42 -72 -81 56 -32 -6 57 -60 
