-8 78 -62 -89 -46 -100 65 -38 37 -90 -58 -74 72 -50 -13 -3 -88 31 96 -38 -3 53 
3 -65 65 -44 -82 30 -34 31 -44 -40 92 90 3 34 69 -64 81 84 38 97 84 -25 
20 10 3 -67 -50 -1 94 -36 23 -72 -57 26 -11 48 -11 -64 80 -46 -57 69 35 -56 
-6 -49 -15 -80 11 -86 96 -95 -10 -10 -42 21 30 64 26 93 70 41 71 82 -52 -95 
47 -55 29 99 -98 43 93 16 -67 -56 -43 -73 -18 71 57 -96 5 -50 -67 -53 -4 -36 
55 -14 -85 46 99 78 42 23 -66 80 88 4 -82 -34 -42 13 -62 2 -98 -54 87 -26 
-52 -22 -62 -60 -55 -47 22 -84 -7 -73 23 10 -26 68 -37 6 97 87 -40 -98 -93 52 
12 11 47 95 55 -36 71 53 17 -94 -30 90 -14 -53 97 -61 -26 10 97 7 -78 -51 
66 64 69 -65 92 70 -30 -20 -29 -41 13 -51 -97 -14 46 66 -47 -87 -48 59 56 -2 
-36 -80 26 74 -55 20 -95 24 -60 62 13 -69 0 47 -18 -91 -69 -25 89 -56 -23 -78 
58 36 -49 -5 53 65 52 46 -24 40 76 77 -74 7 -26 -69 98 52 -89 75 -3 4 
-48 -44 -12 76 15 13 -94 69 30 26 -4 72 77 -95 98 2 45 -63 89 -6 88 57 
-78 -85 -10 -55 -37 -95 -58 -66 18 52 84 89 77 -53 -29 16 -84 26 82 6 97 38 
-75 32 53 -13 -14 14 15 -28 20 39 -24 41 -11 -13 40 86 -43 48 6 -73 12 -31 
92 58 3 62 -4 -58 -41 -85 -4 -9 75 -18 30 99 73 -36 -100 45 -22 41 -17 -43 
79 3 84 29 26 -66 -75 30 -63 -92 60 14 72 3 -29 -24 45 -50 -31 85 -56 81 
26 -58 64 93 19 -14 -93 65 0 -72 10 -27 5 16 64 56 -44 77 -84 -92 -69 -89 
84 -61 -83 90 -88 78 60 -41 -8 -4 5 85 -79 71 -27 -92 -76 -27 65 -12 33 62 
77 -18 96 -72 99 -54 60 -54 1 -55 88 -58 80 -82 -94 83 65 -87 55 40 99 98 
37 94 -10 11 -35 -75 40 -90 33 -69 98 -71 -70 -32 -83 14 -99 59 35 26 -24 33 
14 80 9 35 48 66 32 40 66 7 -7 89 36 93 -50 -86 68 41 -73 14 -2 -1 
75 70 -92 45 99 -14 15 -47 8 -6 -45 14 15 77 -87 -72 -87 -95 15 18 -38 0 
