-66 36 -123 -181 -15 -29 156 -109 -32 -81 -7 -78 102 27 -4 3 -150 97 10 -67 -42 9 
75 -70 123 -28 -59 47 48 52 -140 51 179 58 -62 44 104 -53 149 92 99 38 68 -79 
54 21 83 -9 -134 29 154 52 85 -129 -57 108 -56 127 2 6 19 -68 -18 5 132 -2 
-49 -110 40 -4 77 -59 190 -46 14 84 48 77 96 12 34 169 100 60 31 27 -9 -186 
78 -113 16 105 -182 79 54 77 -147 -132 -60 -109 -98 129 0 -8 36 -97 -58 43 43 -51 
100 -60 -12 9 99 171 -43 -37 13 73 149 -68 -45 -27 -113 59 -48 -50 -155 -41 100 -1 
-99 -32 -28 -101 -66 -102 86 -182 75 -122 119 -16 14 70 -5 -72 113 81 24 -96 -167 -41 
101 -49 -18 178 35 -13 159 148 106 -153 -31 51 -106 -122 135 25 53 58 185 66 16 -54 
-13 73 61 -33 130 56 28 14 1 -84 18 -128 -184 16 -41 82 11 -88 -42 7 122 50 
-81 -102 -66 19 -24 -49 -173 11 -138 3 98 20 -30 72 62 -104 -13 60 57 10 -72 -154 
152 86 -122 -2 66 145 -35 10 -33 137 58 126 -141 79 32 -125 69 -8 -45 169 -53 -43 
27 13 -4 148 -74 103 -85 41 111 17 -9 40 163 -126 83 -95 -8 -1 20 45 114 -43 
-94 -5 2 -44 3 -144 -88 26 -3 -19 88 104 -11 35 20 43 -49 -11 86 74 156 28 
-89 4 -32 -57 -93 -49 37 23 -52 66 -17 83 62 -57 98 55 24 18 -29 -170 60 57 
127 123 29 148 85 -146 -131 13 8 91 70 -98 30 199 65 -136 -62 124 -76 87 -23 -62 
138 -88 61 114 -38 23 -3 93 -128 -39 106 -80 155 2 0 -16 57 -41 -63 93 -65 3 
48 -129 18 175 -20 -73 -99 69 -62 -54 -65 -64 -23 113 118 23 -69 44 -111 -170 18 -153 
165 -64 10 113 -109 52 76 47 -59 -31 104 -11 -162 28 -81 -143 -100 -47 82 -49 -49 -5 
21 61 111 -20 10 -101 155 -138 59 -132 34 -34 -10 -115 -77 39 -16 -16 134 27 120 197 
135 4 14 -79 -67 -18 89 -129 133 -62 127 -5 -103 -22 -31 11 -97 136 58 25 -91 86 
-48 114 -70 42 117 4 105 3 144 102 69 36 -39 137 -11 -125 167 11 -120 6 23 -100 
13 62 -115 16 49 -11 34 36 105 37 -19 -70 57 63 -129 -144 -168 -39 -17 12 19 -60 
