-27148 32007 16083 -8169 7698 -25966 25002 -4894 147 -11800 -2325 -19132 -20594 -10796 -9643 -16808 -7512 3136 29240 -7088 -15530 15563 
33508 16590 -1717 11187 -9542 -1433 -6001 -5049 35372 12557 -9562 2727 -17757 15504 15058 -32856 -14685 3740 -4500 -1798 1202 1287 
-4026 -3913 1177 -17728 460 -12057 9557 -28057 12669 -502 -6268 1360 11256 9623 6754 -14075 5425 -8058 -2511 -24638 -2769 9083 
5177 -1540 2552 -1098 -27384 -20009 5986 -14535 -21785 -20392 -12493 3679 7910 9458 16326 -27999 -10644 4149 5176 -9291 -22177 11116 
-22988 -2848 7912 -10129 27761 -19417 1198 -9221 14770 15495 7007 17209 35381 -4600 6161 4937 7014 -7878 -10384 -24740 2661 6377 
4069 -19678 -22809 -20607 18046 24875 -19653 -24247 -11829 18061 32429 -5710 12109 -3142 -1231 9353 20204 -12084 -16761 32732 -25679 -46169 
-794 6706 1937 2977 -15952 -14153 -19918 4577 -28447 6052 -20633 -18561 25893 -12168 -10494 -31580 -23204 -23049 -2597 -22264 -7141 -2078 
10143 13415 35285 33052 -8903 4765 24948 4802 27643 -13810 -7131 -1804 -5932 -5500 -13654 1201 -13778 19219 17514 3016 9639 4863 
17379 -21008 -1435 -14856 -4127 31423 477 -6819 -2022 22382 5060 -8127 4409 22783 -5300 16840 5403 -3156 -7801 3814 -3902 8102 
-16587 16959 -3553 -2093 10790 -15027 -16245 -6048 -394 -12752 -15317 47169 -4307 -20249 8197 22033 67 -1188 6653 894 5737 39586 
31755 -27657 -10865 -17085 -6280 20716 -10760 -18924 -663 8538 16541 -6979 -130 6457 4995 -10674 2376 111 -7732 7370 -15068 -33694 
-5996 18511 -8595 42681 11644 -7073 -1164 20702 35263 7137 -13096 -13539 -22375 13911 82 -1736 4425 21512 -11486 25119 37952 -15315 
-10009 45414 -15055 4681 -2935 -7963 -12266 -5603 20665 -5906 -10640 10284 -20278 -14 5722 -30735 -14195 6434 1662 29761 -8565 -5549 
6960 11390 16402 23976 -3828 -3913 -2874 15130 -5612 -229 13254 -15183 3509 -3451 -6334 -6878 7146 -2435 247 899 -1962 -11599 
3305 12345 3034 -18285 19417 792 -802 8516 -30292 29074 16666 22176 2106 10410 8100 -7659 4762 4101 -10055 -7900 -23565 6245 
18912 -8166 -3463 -1086 -17277 27227 12454 21802 4706 7246 -21069 21798 -2180 17881 12150 14828 -27202 2366 1579 -924 22382 7157 
20756 -6735 14598 33134 9918 16029 -4334 49231 -24569 6903 -4064 -4995 7488 -3705 -15004 32216 5080 -14425 -7606 -1408 13785 4912 
-34654 9488 -5992 -27951 5760 6321 12270 -48578 37909 14340 17610 7046 43592 -30179 -8194 -27160 -15480 18035 -23835 -12030 -14402 -3896 
-15587 -1995 -19330 -8582 -23052 14881 25234 -13361 9923 -7537 -10438 76 -27778 45856 13572 3446 -24826 -14972 11453 9761 14715 -12188 
-4036 5167 15279 -21872 2697 17193 26906 -21475 -9093 19622 15615 6147 -5353 -12935 -6004 -8460 -18949 -5311 23924 -17138 -37142 2400 
12512 -13587 2476 -2686 -9048 5033 7550 9932 -2840 -6586 17890 -7000 -7110 1681 -2505 6568 18562 -11473 -5529 -14251 19373 -13316 
-25304 -6257 -8404 -36891 -2384 9230 12826 -24243 -18529 -8492 4851 20608 14551 -14837 -3712 17050 8191 3144 -3275 -1276 -4524 14384 
